2 0.362567 0.653762 0.384916 0.497745
2 0.680268 0.288232 0.110411 0.154845
0 0.366812 0.559212 0.301968 0.206102
1 0.672035 0.32383 0.075544 0.054631
1 0.684645 0.270208 0.0830208 0.0568591
0 0.381033 0.74557 0.275052 0.193582
1 0.460978 0.283214 0.0604052 0.0458694
1 0.499974 0.245017 0.0582708 0.0533275
2 0.551773 0.280113 0.0933952 0.115377
1 0.532143 0.303112 0.098278 0.0579287
1 0.517538 0.191046 0.0450544 0.0469137
0 0.547699 0.198372 0.0632738 0.0462719
0 0.456545 0.232288 0.0619745 0.0535645
0 0.560032 0.253971 0.067525 0.0522126
2 0.4582 0.261529 0.0806439 0.117585
