1 0.738198 0.50367 0.105353 0.139565
1 0.605775 0.36978 0.129256 0.153317
0 0.517445 0.558759 0.118988 0.142597
2 0.374054 0.725406 0.183818 0.391323
1 0.532439 0.688537 0.112868 0.144251
1 0.625888 0.484553 0.116566 0.124281
0 0.392813 0.670599 0.130092 0.168912
1 0.715033 0.388503 0.0965075 0.140284
1 0.646848 0.599314 0.113861 0.139603
2 0.505818 0.610719 0.162279 0.375314
2 0.715929 0.442019 0.149243 0.347912
2 0.641806 0.549616 0.134861 0.299996
2 0.668713 0.476327 0.235215 0.412826
2 0.628928 0.503708 0.137837 0.376491
0 0.417247 0.793467 0.117645 0.141265
2 0.738388 0.43963 0.117648 0.341306
