1 0.488338 0.143446 0.101866 0.0751221
0 0.538536 0.631521 0.575612 0.450607
1 0.578723 0.295531 0.0847486 0.0720789
1 0.596625 0.231106 0.0918009 0.0679481
2 0.599585 0.261834 0.137247 0.194076
2 0.342531 0.178974 0.122964 0.172835
0 0.33738 0.150473 0.08196 0.0645504
1 0.49139 0.269967 0.0762277 0.0627692
1 0.500531 0.207882 0.0805987 0.0720467
1 0.414525 0.236652 0.0627502 0.0625893
2 0.497738 0.239274 0.0892471 0.165719
0 0.337 0.209885 0.0649909 0.0583311
0 0.421325 0.182805 0.0608218 0.0534074
2 0.41642 0.209903 0.0701617 0.175784
