0 0.544478 0.631324 0.581019 0.453621
1 0.488426 0.142857 0.102513 0.076885
2 0.597388 0.259425 0.133267 0.195933
1 0.595899 0.232515 0.095899 0.070188
2 0.338459 0.177703 0.121362 0.171379
1 0.579861 0.297495 0.084325 0.079117
1 0.501488 0.206845 0.079696 0.075893
0 0.337963 0.151414 0.083995 0.067212
2 0.411376 0.201637 0.074735 0.160714
2 0.488426 0.237847 0.084656 0.159722
1 0.492725 0.270585 0.073413 0.061508
1 0.412202 0.235119 0.059193 0.061508
0 0.338790 0.211310 0.070437 0.055060
0 0.423115 0.183904 0.063161 0.051835
