1 0.363715 0.411541 0.078125 0.105489
0 0.586186 0.632440 0.110863 0.148479
1 0.472346 0.382606 0.091518 0.118386
0 0.557292 0.759425 0.111111 0.145172
1 0.352679 0.503307 0.065476 0.107804
1 0.473834 0.660218 0.085565 0.124669
2 0.593378 0.693287 0.165427 0.351521
0 0.485739 0.548611 0.095982 0.127646
1 0.410714 0.572255 0.061508 0.111442
2 0.469494 0.578869 0.166171 0.342262
2 0.360491 0.483466 0.087054 0.313492
2 0.485243 0.623677 0.197173 0.400794
2 0.524802 0.677249 0.252976 0.388889
1 0.424479 0.465608 0.076141 0.133598
0 0.762153 0.385251 0.032738 0.052249
1 0.564980 0.202216 0.033730 0.051257
0 0.550223 0.241237 0.035962 0.049934
2 0.556672 0.215112 0.063244 0.117394
