1 0.692694 0.408677 0.169047 0.180278
1 0.715377 0.594699 0.161106 0.21577
1 0.181508 0.762006 0.150527 0.191346
2 0.523037 0.692521 0.196608 0.484008
1 0.897564 0.589975 0.178548 0.221632
1 0.514232 0.786539 0.143023 0.195419
1 0.172387 0.442802 0.151545 0.179219
0 0.497087 0.45105 0.150705 0.206596
0 0.162598 0.598613 0.146369 0.170152
2 0.168787 0.658644 0.191414 0.464151
2 0.896805 0.694682 0.206391 0.528384
0 0.345611 0.594898 0.151702 0.20081
2 0.34042 0.695531 0.186674 0.471116
0 0.92061 0.400979 0.158781 0.186961
1 0.705768 0.799813 0.169466 0.227088
2 0.706258 0.691861 0.204748 0.540102
1 0.909986 0.791676 0.17733 0.224856
0 0.540038 0.613077 0.138755 0.178639
0 0.33751 0.413481 0.146876 0.178246
0 0.341398 0.772315 0.142995 0.174801
