0 0.365410 0.558408 0.302910 0.205109
0 0.379960 0.743056 0.275132 0.190972
2 0.368386 0.649058 0.395503 0.500496
1 0.684524 0.269221 0.080688 0.053819
1 0.670304 0.323785 0.074735 0.053819
1 0.538690 0.302579 0.082011 0.057540
0 0.558036 0.254092 0.073743 0.052827
1 0.461475 0.283482 0.064484 0.048115
1 0.498512 0.244544 0.061839 0.052083
0 0.456184 0.234499 0.054563 0.051835
1 0.519345 0.191468 0.043320 0.045139
0 0.550099 0.199529 0.061839 0.041915
2 0.674603 0.291667 0.100529 0.148810
2 0.558862 0.282614 0.087963 0.121776
2 0.456680 0.260417 0.082011 0.110119
