1 0.678997 0.586821 0.141053 0.179604
1 0.211942 0.568527 0.130762 0.168074
1 0.703398 0.426403 0.137423 0.177028
1 0.352654 0.24387 0.134778 0.143717
1 0.86275 0.58857 0.15511 0.189526
1 0.857388 0.420853 0.149291 0.181154
0 0.196468 0.418518 0.129684 0.155315
1 0.521044 0.585418 0.125442 0.168758
1 0.209545 0.275766 0.136976 0.170728
0 0.373609 0.412451 0.132033 0.187527
2 0.530919 0.493133 0.1819 0.42088
2 0.69117 0.504874 0.18249 0.428926
2 0.200561 0.470816 0.166555 0.416158
0 0.516414 0.278869 0.135265 0.181355
0 0.364183 0.573647 0.128911 0.159885
0 0.684635 0.261942 0.150942 0.189062
2 0.366601 0.471835 0.185396 0.458107
2 0.871932 0.510907 0.204729 0.412298
0 0.545965 0.432808 0.127892 0.156933
0 0.893299 0.245551 0.154336 0.146342
