0 0.163194 0.597388 0.144841 0.169643
1 0.717882 0.593254 0.158978 0.217593
0 0.539931 0.614418 0.135913 0.185185
0 0.341766 0.772817 0.142361 0.181878
0 0.345362 0.594577 0.149058 0.199735
1 0.708085 0.800265 0.171131 0.226852
0 0.498636 0.447751 0.150050 0.203042
1 0.899306 0.590443 0.178075 0.215939
0 0.337302 0.414848 0.146329 0.184854
1 0.908978 0.788029 0.176587 0.216270
1 0.693328 0.410053 0.168403 0.181217
1 0.182540 0.764054 0.145833 0.190807
1 0.174107 0.442295 0.151290 0.184193
1 0.513641 0.786210 0.142361 0.195437
2 0.705481 0.687335 0.204117 0.530754
0 0.921379 0.402612 0.157242 0.192791
2 0.170387 0.651951 0.191964 0.468585
2 0.898438 0.691138 0.202133 0.513889
2 0.524306 0.688988 0.194444 0.483135
2 0.348090 0.695106 0.188740 0.450397
